12345678 京A88888 nhr 0 300000.00 16800.00 2026 9 24 2027 9 24 交强险
87654321 京A88888 nhr 0 800000.00 25200.00 2026 9 22 2027 9 22 车损险
13145200 京A88888 nhr 0 1000000.00 31500.00 2026 9 29 2027 9 29 三者险
12121212 沪A77884 nhr 0 1200000.00 67200.00 2026 9 22 2027 9 22 交强险
13131313 皖C5545 nhr 0 3000.00 128.00 2026 9 24 2027 9 24 交强险
14141414 津A4558 xy 0 40000.00 1320.00 2026 9 24 2027 9 24 车损险
151515 沪D4545 xy 0 139696.20 7353.61 2026 9 22 2027 9 22 交强险
16161616 沪D4545 xy 0 139696.20 7353.61 2026 10 12 2027 10 12 交强险
17171717 皖C41544 xy 0 1201232.80 32163.01 2026 9 22 2027 9 22 车损险
18181818 青A123456 xy 0 240000.00 14080.00 2026 9 22 2027 9 22 交强险
19191919 沪A63521 车主1 0 201000.00 10918.32 2026 10 12 2027 10 12 交强险
20202020 沪A63521 车主1 0 201000.00 10918.32 2026 10 12 2027 10 12 交强险
21212121 沪B46372 车主1 0 165000.00 8685.60 2026 10 12 2027 10 12 交强险
22222222 沪A12345 车主1 0 900000.00 74496.00 2026 9 27 2027 9 27 交强险
23232323 京A56743 车主1 0 90000.00 7644.00 2026 10 12 2027 10 12 交强险
